68.0
36.666666667
69.333333333
83.666666667
53.666666667
73.333333333
66.0
75.0
67.0
48.666666667
52.666666667
77.666666667
54.0
61.333333333
76.666666667
67.333333333
55.333333333
50.333333333
71.666666667
38.0
53.666666667
67.333333333
37.0
52.333333333
73.666666667
49.0
52.0
71.0
62.333333333
69.0
64.333333333
52.0
74.333333333
50.333333333
67.0
68.0
76.0
73.666666667
71.666666667
47.666666667
61.333333333
69.666666667
62.0
42.0
53.666666667
47.333333333
51.666666667
82.666666667
83.0
27.333333333
40.666666667
40.666666667
51.333333333
49.333333333
56.666666667
63.333333333
51.333333333
71.0
71.666666667
58.666666667
66.333333333
76.333333333
60.333333333
67.0
36.666666667
68.666666667
59.0
61.656716418 59.940298507 59.671641791
